1111111111111111111111111111111111111111111111111111111111111111111111111111111111111111111111111111111111111111111111111111111111111
1001111111111111111111111111111111111111111111111111111111111111111111111111111111111111111111111111111111111111111111111111111111111
1000000111111111111111111111111111111111111111111111111111111111111111111111111111111111111111111111111111111111111111111111111111111
1000000011111111111111111111111111111111111111111111111111111111111111111111111111111111111111111111111111111111111111111111111111111
1100000011111111111111111111111111111111111111111111111111111111111111111111111111111111111111111111111111111111111111111111111111111
1111000011111111111111111111111111111111111111111111111111111111111111111111111111111111111111111111111111111111111111111111111111111
1111100001111111111111111111111111111111111111111111111111111111111111111111111111111111111111111111111111111111111111111111111111111
1111000001111111111111111111111111111111111111111111111111111111111111111111111111111111111111111111111111111111111111111111111111111
1111000000111111111111111111111111111111111111111111111111111111111111111111111111111111111111111111111111111111111111111111111111111
1111000000011111111111111111111111111111111111111111111111111111111111111111111111111111111111111111111111111111111111111111111111111
1111100000001111111111111111111111111111111111111111111111111111111111111111111111111111111111111111111111111111111111113111111111111
1111110000000111111111111111111111111111111111111111111111111111111111111111111111111111111111111111111111111111111111123311111111111
1111110000000001111111111111111111111111111111111111111111111111111111111111111111111111111111111111111111111111111111052331111111111
1111111110000000111001111111111111111111111111111111111111111111111111111111111111111111111111111111111111111111111110005233111111111
1111111111000000010000111111111111111111111111111111111111111111111111111111111111111111111111111111111111111111111100000523311111111
1111111111000000000000011111111111111111111111111111111111111111111111111111111111111111111111111111111111111111111000000052331111111
1111111111111000000000000000111111111111111111111111111111111111111111111111111111111111111111111111111111111111110000000005233111111
1111111111111110000000000000011111111111111111111111111111111111111111111111111111111111111111111111111111111111110000000000523311111
1111111111111110000000000000011111111111111111111111111111111111111111111111111111111111111111111111111111111111100000000000052331111
1111111111111111000000000000011110000111111111111111111111111111111111111111111111111111111111111111111111111111000000000000005233111
1111111111111111000000000000001000000011111111111111111111111111111111111111111111111111111111111111111111111110000000000000000523311
1111111111111110000000000000000000000001111111111111111111111111111111111111111111111111111111111111111111111100000000000000000052331
1111111111111110000000000000000000000000111111111111111111111111111111111111111111111111111111111111111111111000000000000000000005211
1111111111111111100000000000000000000000001111111111111111111111111111111111111111111111111111111111111111110000000000000000000000111
1111111111111111111100000000000000000000000111111111111111111111111111111111111111111111111111111111111111110000000000000000000001111
1111111111111111111000000000000000000000000000111111111111111111111111111111111111111111111111111111111111100000000000000000000001111
1111111111111111111000000000000000000000000000000001111111111111111111111111111111111111111111111111111111000000000000000000000011111
1111111111111111111000000000000000000000000000000000001111111111111111111111111111111111111111111111111110000000000000000000000111111
1111111111111111111000000000000000000000000000000000000001111111111111111111111111111111111111111111111100000000000000000000001111111
1111111111111111111110000000000000000000000000000000000000000000111111111111111111111111111111111111110000000000000000000000001111111
1111111111111111111111111000000000000000000000000000000000000000001111111111111111111111111111111111000000000000000000000000011111111
1111111111111111111111111100000000000000000000000000000000000000000011111111111111111111111111111000000000000000000000000000111111111
1111111111111111111111111110000000000000000000000000000000000000000000111111111111111111111111100000000000000000000000000001111111111
1111111111111111111111111111000000000000000000000000000000000000000000011111111111111111111100000000000000000000000000000011111111111
1111111111111111111111111111100000000000000000000000000000000000000000000011111111111111001000000000000000000000000000000011111111111
1111111111111111111111111111111000000000000000000000000000000000000000000000000111111100000000000000000000000000000000000111111111111
1111111111111111111111111111111100000000000000000000000000000000000000000000000000000000000000000000000000000000000000011111111111111
1111111111111111111111111111111100000000000000000000000000000000000000000000000000000000000000000000000000000000000011111111111111111
1111111111111111111111111111111110000000000000000000000000000000000000000000000000000000000000000000000000000000111111111111111111111
1111111111111111111111111111111110000000000000000000000000000000000000000000000000000000000000000000000000000000111111111111111111111
1111111111111111111111111111111110000000000000000000000000000000000000000000000000000000000000000000000000000001111111111111111111111
1111111111111111111111111111111111000000000000000000000000000000000000000000000000000000000000000000000000000011111111111111111111111
1111111111111111111111111111111111100000000000000000000000000000000000000000000000000000000000000000000000000011111111111111111111111
1111111111111111111111111111111111100000000000000000000000000000000000000000000000000000000000000000000000000111111111111111111111111
1111111111111111111111111111111111110000000000000000000000000000000000000000000000000000000000000000000000000111111111111111111111111
1111111111111111111111111111111111111000000000000000000000000000000000000000000000000000000000000000000000011111111111111111111111111
1111111111111111111111111111111111111000000000000000000000000000000000000000000000000000000000000000000000111111111111111111111111111
1111111111111111111111111111111110011000000000000000000000000000000000000000000000000000000000000000000001111111111111111111111111111
1111111111111111111111111111111110000000000000000000000000000000000000000000000000000000000000000000000011111111111111111111111111111
1111111111111111111111111111111110000000000000000000000000000000000000000000000000000000000000000000001111111111111111111111111111111
1111111111111111111111111111111111000000000000000000000000000000000000000000000000000000000000000000011111111111111111111111111111111
1111111111111111111111111111111111000000000000000000000000000000000000000000000000000000000000000000111111111111111111111111111111111
1111111111111111111111111111111110000000000000000000000000000000000000000000000000000000000000000000111111111111111111111111111111111
1111111111111111111111111111111110000000000000000000000000000000000000000000000000000000000000000001111111111111111111111111111111111
1111111111111111111111111111111100000000000000000000000000000000000000000000000000000000000000000001111111111111111111111111111111111
1111111111111111111111111111111100000000000000000000000000000000000000000000000000000000000000000001111111111111111111111111111111111
1111111111111111111111111111111110000000000000000000000000000000000000000000000000000000000000000001111111111111111111111111111111111
1111111111111111111111111111110000000000000000000000000000000000000000000000000000000000000000000001111111111111111111111111111111111
1111111111111111111111111111110000000000000000000000000000000000000000000000000000000000000000000001111111111111111111111111111111111
1111111111111111111111111111110000000000000000000000000000000000000000000000000000000000000000000000111111111111111111111111111111111
1111111111111111111111111111110000000000000000000000000000000000000000000000000000000000000000000000111111111111111111111111111111111
1111111111111111111111111111110000000000000000000000000000000000000000000000000000000000000000000000011111111111111111111111111111111
1111111111111111111111111111111000000000000000000000000000000000000000000000000000000000000000000000001111111111111111111111111111111
1111111111111111111111111111111100000000000000000000000000000000000000000000000000000000000000000000001111111111111111111111111111111
1111111111111111111111111111111100000000000000000100000000000000000000000000000000000000000000000000000111111111111111111111111111111
1111111111111111111111111111111110000000000000111111110000000111110000000000000000000000000000000000000111111111111111111111111111111
1111111111111111111111111111111110000000000011110000000000000111111100000000000000000000000000000000000011111111111111111111111111111
1111111111111111111111111111111110000000000011100000000000000111111111000000000000000000000000000000000011111111111111111111111111111
1111111111111111111111111111111111000000000011100000000000000111111111100000000000000000000000000000000001111111111111111111111111111
1111111111111111111111111111111111000000000000110000000000000111111111110000000000000000000000000000000001111111111111111111111111111
1111111111111111111111111111111111000000000000110000000000001111111111110000000000000000000000000000000001111111111111111111111111111
1111111111111111111111111111111111000000000000000000000010001111111111110000000000000000000000000000000000111111111111111111111111111
1111111111111111111111111111111111000000000000000000000010011111111111111000000000000000000000000000000000111111111111111111111111111
1111111111111111111111111111111111100000000000000000000011111111111111111100000000000000000000000000000000111111111111111111111111111
1111111111111111111111111111111111110000000000000000000011111111111111111111000000000000000000000000000000111111111111111111111111111
1111111111111111111111111111111111110000000000000000000001111111111111111111111110000000000000000000000000011111111111111111111111111
1111111111111111111111111111111111110000000000000000000001111111111111111111111111000000000000000000000000031111111111111111111111111
1111111111111111111111111111111111111000000000000000000001111111111111111111111111110000000000000000000033331111111111111111111111111
1111111111111111111111111111111111111000000000000000000001111111111111111111111111111111000000000000003331111111111111111111111111111
1111111111111111111111111111111111110000000000000000000001111111111111111111111111111111100000000000003111111111111111111111111111111
1111111111111111111111111111111111110000000000000000000000011111111111111111111111111111110000000000033111111111111111111111111111111
1111111111111111111111111111111111110000000000000000000000001111111111111111111111111111111000000000031111111111111111111111111111111
1111111111111111111111111111111111111000000000000000000000001111111111111111111111111111111111000000031111111111111111111111111111111
1111111111111111111111111111111111110000000000000000000000000111111111111111111111111111111111100000111111111111111111111111111111111
1111111111111111111111111111111111100000000000000000000000000111111111111111111111111111111111111001111111111111111111111111111111111
1111111111111111111111111111111111300000000000000000000000000011111111111111111111111111111111111111111111111111111111111111111111111
1111111111111111111111111111111111100000000000000000000000000011111111111111111111111111111111111111111111111111111111111111111111111
1111111111111111111111111111111111111000000000000000000000000001111111111111111111111111111111111111111111111111111111111111111111111
1111111111111111111111111111111111111000000000000000000000000000111111111111111111111111111111111111111111111111111111111111111111111
1111111111111111111111111111111111111110000000000000000000000000111111111111111111111111111111111111111111111111111111111111111111111
1111111111111111111111111111111111111110000000000000000000000000011111100111111111111111111111111111111111111111111111111111111111111
1111111111111111111111111111111111111111110001000000000000000000000100000001111111111111111111111111111111111111111111111111111111111
1111111111111111111111111111111111111111111111110000000000000000000000000001111111111111111111111111111111111111111111111111111111111
1111111111111111111111111111111111111111111111111000000000000000000000000000111111111111111111111111111111111111111111111111111111111
1111111111111111111111111111111111111111111111111000000000000000000000000000111111111111111111111111111111111111111111111111111111111
1111111111111111111111111111111111111111111111111000000000000000000000000001111111111111111111111111111111111111111111111111111111111
1111111111111111111111111111111111111111111111111111000000000000000000000001111111111111111111111111111111111111111111111111111111111
1111111111111111111111111111111111111111111111111111000000000000000000000000111111111111111111111111111111111111111111111111111111111
1111111111111111111111111111111111111111111111111111100000000000000000000000111111111111111111111111111111111111111111111111111111111
1111111111111111111111111111111111111111111111111111100000000000000000000000011111111111111111111111111111111111111111111111111111111
1111111111111111111111111111111111111111111111111111100000000000000000000000011111111111111111111111111111111111111111111111111111111
1111111111111111111111111111111111111111111111111111100000000000000000000000011111111111111111111111111111111111111111111111111111111
1111111111111111111111111111111111111111111111111111110000000000000000000000011111111111111111111111111111111111111111111111111111111
1111111111111111111111111111111111111111111111111111111100000000000000000000011111111111111111111111111111111111111111111111111111111
1111111111111111111111111111111111111111111111111111111111000000000000000000031111111111111111111111111111111111111111111111111111111
1111111111111111111111111111111111111111111111111111111111000000000000000001331111111111111111111111111111111111111111111111111111111
1111111111111111111111111111111111111111111111111111111111111111100000001111111111111111111111111111111111111111111111111111111111111
1111111111111111111111111111111111111111111111111111111111111111110000001111111111111111111111111111111111111111111111111111111111111
1111111111111111111111111111111111111111111111111111111111111111110000011111111111111111111111111111111111111111111111111111111111111
1111111111111111111111111111111111111111111111111111111111111111111111111111111111111111111111111111111111111111111111111111111111111
